WL	Nr 	Ni     (25%)	Nr	Ni (38%)	Nr	Ni (50%)	Nr	Ni (75%)	Nr	Ni (85%)	Nr	ni (95)
0.360	1.383	3.020E-08	1.407	2.460E-08	1.421	2.070E-08	1.452	2.070E-08	1.463	1.100E-08	1.459	9.000E-09
0.408	1.373	3.020E-08	1.392	2.460E-08	1.408	2.070E-08	1.438	2.070E-08	1.448	1.100E-08	1.443	9.000E-09
0.449	1.369	3.020E-08	1.387	2.460E-08	1.402	2.070E-08	1.432	2.070E-08	1.442	1.100E-08	1.438	9.000E-09
0.556	1.366	3.020E-08	1.384	2.460E-08	1.397	2.070E-08	1.431	2.070E-08	1.438	1.100E-08	1.434	9.000E-09
0.702	1.363	3.020E-08	1.382	2.460E-08	1.394	2.070E-08	1.428	2.070E-08	1.436	1.100E-08	1.432	9.000E-09
0.714	1.363	4.720E-08	1.381	3.870E-08	1.394	3.130E-08	1.427	2.790E-08	1.435	1.140E-08	1.432	1.000E-08
0.725	1.363	6.860E-08	1.381	5.940E-08	1.394	4.610E-08	1.427	3.580E-08	1.435	1.730E-08	1.432	1.100E-08
0.735	1.362	1.090E-07	1.381	8.890E-08	1.393	7.020E-08	1.427	4.800E-08	1.435	2.340E-08	1.431	1.500E-08
0.746	1.362	1.450E-07	1.381	1.180E-07	1.393	9.860E-08	1.427	6.830E-08	1.434	3.090E-08	1.431	2.260E-08
0.758	1.362	1.550E-07	1.381	1.250E-07	1.393	1.040E-07	1.427	7.840E-08	1.434	3.920E-08	1.431	3.130E-08
0.769	1.362	1.430E-07	1.381	1.210E-07	1.393	9.920E-08	1.427	8.200E-08	1.434	4.900E-08	1.431	3.920E-08
0.781	1.362	1.320E-07	1.380	1.140E-07	1.393	9.510E-08	1.427	8.390E-08	1.433	6.090E-08	1.431	4.850E-08
0.794	1.362	1.240E-07	1.380	1.070E-07	1.393	9.280E-08	1.427	8.460E-08	1.433	6.570E-08	1.430	5.870E-08
0.806	1.362	1.170E-07	1.380	1.010E-07	1.392	9.180E-08	1.427	8.790E-08	1.432	7.510E-08	1.430	7.060E-08
0.820	1.362	1.250E-07	1.380	1.140E-07	1.392	1.040E-07	1.427	9.980E-08	1.432	8.940E-08	1.430	8.350E-08
0.833	1.362	1.920E-07	1.380	1.730E-07	1.392	1.420E-07	1.426	1.240E-07	1.432	1.070E-07	1.430	9.950E-08
0.847	1.361	2.440E-07	1.379	2.270E-07	1.392	1.870E-07	1.426	1.580E-07	1.432	1.290E-07	1.430	1.170E-07
0.862	1.361	2.720E-07	1.379	2.500E-07	1.392	2.070E-07	1.425	1.830E-07	1.431	1.480E-07	1.429	1.340E-07
0.877	1.361	3.210E-07	1.378	2.920E-07	1.392	2.240E-07	1.425	2.020E-07	1.430	1.700E-07	1.429	1.520E-07
0.893	1.361	4.010E-07	1.378	3.790E-07	1.392	2.650E-07	1.425	2.330E-07	1.430	2.150E-07	1.428	1.710E-07
0.909	1.361	5.200E-07	1.377	4.980E-07	1.391	3.530E-07	1.424	2.840E-07	1.429	2.730E-07	1.428	1.970E-07
0.926	1.360	7.880E-07	1.377	6.900E-07	1.391	5.250E-07	1.424	3.620E-07	1.429	3.490E-07	1.428	2.390E-07
0.943	1.360	1.390E-06	1.377	1.240E-06	1.391	9.380E-07	1.423	6.050E-07	1.428	4.970E-07	1.427	3.270E-07
0.962	1.360	2.910E-06	1.377	2.510E-06	1.390	1.970E-06	1.423	1.030E-06	1.428	7.510E-07	1.427	4.530E-07
0.980	1.359	3.230E-06	1.376	2.860E-06	1.390	2.400E-06	1.422	1.410E-06	1.427	9.670E-07	1.427	6.200E-07
1.000	1.359	2.750E-06	1.375	2.360E-06	1.389	2.090E-06	1.422	1.530E-06	1.427	1.190E-06	1.427	8.670E-07
1.020	1.358	2.010E-06	1.375	1.750E-06	1.389	1.620E-06	1.421	1.520E-06	1.426	1.370E-06	1.427	1.110E-06
1.042	1.358	1.490E-06	1.374	1.390E-06	1.388	1.370E-06	1.421	1.480E-06	1.425	1.460E-06	1.426	1.320E-06
1.064	1.358	1.300E-06	1.373	1.290E-06	1.387	1.300E-06	1.420	1.500E-06	1.425	1.520E-06	1.426	1.400E-06
1.087	1.358	1.440E-06	1.373	1.430E-06	1.387	1.450E-06	1.419	1.600E-06	1.424	1.600E-06	1.425	1.440E-06
1.111	1.357	1.920E-06	1.372	1.850E-06	1.386	1.870E-06	1.418	1.840E-06	1.423	1.770E-06	1.425	1.510E-06
1.136	1.357	4.460E-06	1.371	4.040E-06	1.385	3.730E-06	1.417	2.460E-06	1.422	2.170E-06	1.424	1.690E-06
1.163	1.356	8.410E-06	1.371	8.020E-06	1.384	7.250E-06	1.416	4.050E-06	1.422	3.010E-06	1.423	1.940E-06
1.190	1.355	9.950E-06	1.369	8.830E-06	1.384	7.900E-06	1.416	4.950E-06	1.420	3.850E-06	1.423	2.290E-06
1.220	1.355	1.020E-05	1.369	8.980E-06	1.383	8.220E-06	1.415	5.630E-06	1.419	4.720E-06	1.422	2.910E-06
1.250	1.354	1.000E-05	1.368	9.230E-06	1.382	8.850E-06	1.413	6.940E-06	1.418	6.000E-06	1.422	3.950E-06
1.266	1.353	1.030E-05	1.368	9.740E-06	1.382	9.480E-06	1.413	7.750E-06	1.417	6.880E-06	1.422	4.680E-06
1.282	1.353	1.130E-05	1.368	1.100E-05	1.381	1.070E-05	1.412	8.930E-06	1.416	8.060E-06	1.421	5.610E-06
1.299	1.352	1.330E-05	1.367	1.290E-05	1.380	1.260E-05	1.411	1.050E-05	1.416	9.500E-06	1.420	6.670E-06
1.316	1.352	1.660E-05	1.367	1.600E-05	1.380	1.540E-05	1.411	1.270E-05	1.416	1.120E-05	1.420	7.850E-06
1.333	1.351	2.240E-05	1.366	2.100E-05	1.379	1.970E-05	1.410	1.590E-05	1.415	1.360E-05	1.419	9.440E-06
1.351	1.351	3.370E-05	1.366	3.060E-05	1.378	2.690E-05	1.410	1.980E-05	1.414	1.530E-05	1.418	1.150E-05
1.370	1.351	4.880E-05	1.365	4.410E-05	1.378	3.800E-05	1.409	2.590E-05	1.413	2.010E-05	1.417	1.380E-05
1.389	1.350	7.520E-05	1.364	6.610E-05	1.377	5.350E-05	1.408	3.890E-05	1.413	2.610E-05	1.416	1.650E-05
1.408	1.349	1.600E-04	1.364	1.040E-04	1.377	8.800E-05	1.407	6.160E-05	1.412	3.800E-05	1.416	1.980E-05
1.429	1.349	2.360E-04	1.363	1.720E-04	1.377	1.470E-04	1.406	8.780E-05	1.411	5.620E-05	1.416	2.540E-05
1.449	1.348	2.540E-04	1.363	2.190E-04	1.376	1.830E-04	1.406	1.020E-04	1.411	6.950E-05	1.415	3.400E-05
1.471	1.348	2.430E-04	1.362	2.280E-04	1.375	1.990E-04	1.405	1.100E-04	1.410	8.130E-05	1.414	4.530E-05
1.493	1.347	2.170E-04	1.361	2.140E-04	1.374	1.910E-04	1.404	1.170E-04	1.410	9.410E-05	1.413	6.210E-05
1.515	1.346	1.870E-04	1.360	1.940E-04	1.373	1.820E-04	1.403	1.250E-04	1.409	1.090E-04	1.412	7.850E-05
1.538	1.346	1.690E-04	1.360	1.800E-04	1.373	1.740E-04	1.403	1.380E-04	1.408	1.220E-04	1.411	9.880E-05
1.563	1.346	1.550E-04	1.359	1.720E-04	1.372	1.680E-04	1.402	1.550E-04	1.407	1.410E-04	1.410	1.240E-04
1.587	1.345	1.490E-04	1.358	1.690E-04	1.371	1.760E-04	1.400	1.760E-04	1.406	1.670E-04	1.410	1.520E-04
1.613	1.344	1.480E-04	1.358	1.730E-04	1.370	1.870E-04	1.399	2.020E-04	1.405	1.950E-04	1.409	1.810E-04
1.639	1.343	1.500E-04	1.357	1.850E-04	1.369	2.010E-04	1.398	2.340E-04	1.404	2.320E-04	1.408	2.140E-04
1.667	1.342	1.580E-04	1.356	1.980E-04	1.368	2.180E-04	1.398	2.720E-04	1.404	2.760E-04	1.407	2.550E-04
1.695	1.342	1.710E-04	1.355	2.160E-04	1.367	2.370E-04	1.397	3.140E-04	1.403	3.210E-04	1.406	2.990E-04
1.724	1.341	1.870E-04	1.353	2.370E-04	1.366	2.650E-04	1.396	3.610E-04	1.402	3.760E-04	1.405	3.480E-04
1.754	1.340	2.090E-04	1.352	2.680E-04	1.365	3.000E-04	1.394	4.240E-04	1.401	4.440E-04	1.404	4.020E-04
1.786	1.339	2.370E-04	1.351	2.870E-04	1.364	1.330E-03	1.393	4.860E-04	1.400	4.990E-04	1.404	4.520E-04
1.818	1.338	2.500E-04	1.350	1.520E-03	1.362	2.360E-03	1.392	5.370E-04	1.399	5.660E-04	1.403	4.930E-04
1.852	1.336	1.870E-03	1.348	2.780E-03	1.361	3.390E-03	1.391	5.950E-04	1.398	6.260E-04	1.401	5.330E-04
1.887	1.335	3.490E-03	1.347	4.040E-03	1.359	4.420E-03	1.389	7.960E-04	1.397	7.580E-04	1.400	5.860E-04
1.923	1.334	5.100E-03	1.346	5.300E-03	1.358	5.450E-03	1.388	1.110E-03	1.396	9.610E-04	1.399	6.580E-04
1.961	1.332	6.720E-03	1.345	6.560E-03	1.357	6.480E-03	1.386	1.240E-03	1.394	1.100E-03	1.398	7.410E-04
2.000	1.331	8.340E-03	1.343	7.820E-03	1.355	7.510E-03	1.384	1.260E-03	1.392	1.190E-03	1.396	8.370E-04
2.041	1.329	9.800E-03	1.341	9.080E-03	1.353	8.540E-03	1.382	1.300E-03	1.392	1.280E-03	1.394	8.930E-04
2.083	1.328	1.160E-02	1.339	1.030E-02	1.351	9.570E-03	1.380	1.350E-03	1.390	1.340E-03	1.393	9.470E-04
2.128	1.326	1.320E-02	1.336	1.160E-02	1.348	1.060E-02	1.377	1.430E-03	1.388	1.440E-03	1.391	1.020E-03
2.174	1.323	1.480E-02	1.333	1.280E-02	1.346	1.160E-02	1.374	1.540E-03	1.384	1.560E-03	1.388	1.150E-03
2.222	1.319	1.640E-02	1.330	1.400E-02	1.342	1.270E-02	1.370	1.670E-03	1.382	1.690E-03	1.385	1.290E-03
2.273	1.315	1.800E-02	1.326	1.530E-02	1.338	1.370E-02	1.367	1.860E-03	1.378	1.940E-03	1.383	1.410E-03
2.326	1.310	1.970E-02	1.321	1.660E-02	1.333	1.470E-02	1.362	2.090E-03	1.374	2.130E-03	1.379	1.620E-03
2.381	1.304	2.230E-02	1.316	1.780E-02	1.328	1.580E-02	1.358	2.410E-03	1.368	2.430E-03	1.376	1.710E-03
2.439	1.296	2.290E-02	1.309	1.910E-02	1.321	1.680E-02	1.352	2.970E-03	1.363	2.790E-03	1.372	1.860E-03
2.500	1.286	2.450E-02	1.300	2.040E-02	1.311	1.780E-02	1.344	3.760E-03	1.358	3.380E-03	1.368	2.100E-03
2.564	1.271	2.610E-02	1.284	2.160E-02	1.299	1.880E-02	1.332	4.320E-03	1.348	5.610E-03	1.360	3.200E-03
2.632	1.250	2.770E-02	1.266	2.290E-02	1.282	1.980E-02	1.320	4.860E-03	1.341	7.840E-03	1.353	4.300E-03
2.688	1.216	2.930E-02	1.234	2.410E-02	1.252	2.090E-02	1.308	5.440E-03	1.330	1.010E-02	1.345	5.400E-03
2.725	1.183	3.100E-02	1.207	2.500E-02	1.231	2.200E-02	1.293	6.000E-03	1.320	1.230E-02	1.339	6.500E-03
2.762	1.171	7.900E-02	1.190	6.800E-02	1.216	5.400E-02	1.279	1.900E-02	1.307	1.460E-02	1.329	7.600E-03
2.770	1.170	8.900E-02	1.191	7.700E-02	1.215	6.200E-02	1.277	2.300E-02	1.304	1.680E-02	1.327	8.700E-03
2.833	1.198	1.660E-01	1.216	1.440E-01	1.233	1.190E-01	1.272	5.200E-02	1.290	1.900E-02	1.305	9.800E-03
2.841	1.204	1.740E-01	1.222	1.500E-01	1.238	1.250E-01	1.273	5.600E-02	1.289	2.200E-02	1.303	1.090E-02
2.882	1.243	2.060E-01	1.256	1.760E-01	1.267	1.470E-01	1.277	7.300E-02	1.282	3.400E-02	1.291	1.200E-02
2.915	1.285	2.190E-01	1.290	1.850E-01	1.291	1.530E-01	1.284	8.200E-02	1.277	4.500E-02	1.283	2.200E-02
2.941	1.313	2.180E-01	1.312	1.840E-01	1.308	1.540E-01	1.288	8.600E-02	1.276	5.300E-02	1.276	3.000E-02
2.985	1.354	2.070E-01	1.342	1.750E-01	1.330	1.480E-01	1.292	9.300E-02	1.273	6.700E-02	1.267	4.800E-02
3.021	1.380	1.930E-01	1.359	1.650E-01	1.343	1.410E-01	1.294	9.900E-02	1.272	7.900E-02	1.263	6.400E-02
3.077	1.408	1.660E-01	1.380	1.490E-01	1.357	1.300E-01	1.296	1.090E-01	1.273	9.800E-02	1.260	9.200E-02
3.175	1.431	1.180E-01	1.400	1.170E-01	1.369	1.130E-01	1.306	1.310E-01	1.283	1.310E-01	1.274	1.430E-01
3.279	1.428	7.500E-02	1.401	9.000E-02	1.371	1.020E-01	1.325	1.500E-01	1.306	1.590E-01	1.315	1.820E-01
3.344	1.418	5.800E-02	1.397	7.800E-02	1.373	9.900E-02	1.341	1.590E-01	1.321	1.710E-01	1.347	1.950E-01
3.413	1.408	4.700E-02	1.393	7.000E-02	1.375	9.500E-02	1.357	1.590E-01	1.341	1.810E-01	1.377	1.970E-01
3.472	1.400	4.000E-02	1.389	6.400E-02	1.377	9.200E-02	1.370	1.610E-01	1.361	1.890E-01	1.403	1.920E-01
3.559	1.391	3.400E-02	1.383	5.900E-02	1.379	8.600E-02	1.388	1.530E-01	1.388	1.780E-01	1.431	1.730E-01
3.623	1.384	3.100E-02	1.379	5.600E-02	1.378	8.100E-02	1.394	1.430E-01	1.399	1.680E-01	1.444	1.550E-01
3.690	1.377	3.000E-02	1.375	5.400E-02	1.374	7.700E-02	1.397	1.360E-01	1.402	1.590E-01	1.448	1.370E-01
3.759	1.372	2.900E-02	1.370	5.200E-02	1.369	7.600E-02	1.396	1.300E-01	1.403	1.560E-01	1.445	1.220E-01
3.817	1.367	2.900E-02	1.366	5.200E-02	1.366	7.700E-02	1.396	1.280E-01	1.406	1.570E-01	1.438	1.160E-01
3.846	1.364	2.800E-02	1.364	5.300E-02	1.365	7.700E-02	1.395	1.270E-01	1.410	1.570E-01	1.437	1.170E-01
3.861	1.364	2.900E-02	1.363	5.300E-02	1.365	7.800E-02	1.395	1.270E-01	1.412	1.560E-01	1.437	1.180E-01
3.906	1.361	3.000E-02	1.361	5.400E-02	1.364	7.800E-02	1.395	1.270E-01	1.414	1.520E-01	1.438	1.150E-01
3.953	1.357	3.000E-02	1.359	5.600E-02	1.363	8.000E-02	1.396	1.270E-01	1.416	1.500E-01	1.436	1.130E-01
4.000	1.355	3.200E-02	1.358	5.600E-02	1.363	8.000E-02	1.398	1.260E-01	1.418	1.490E-01	1.435	1.140E-01
4.082	1.353	3.300E-02	1.356	5.800E-02	1.362	8.000E-02	1.400	1.240E-01	1.425	1.460E-01	1.438	1.180E-01
4.149	1.350	3.400E-02	1.356	5.900E-02	1.361	8.000E-02	1.399	1.210E-01	1.430	1.420E-01	1.446	1.200E-01
4.219	1.347	3.500E-02	1.354	5.800E-02	1.359	8.000E-02	1.405	1.170E-01	1.436	1.310E-01	1.461	1.160E-01
4.274	1.344	3.600E-02	1.350	5.700E-02	1.357	7.900E-02	1.397	1.100E-01	1.428	1.220E-01	1.472	9.900E-02
4.292	1.343	3.600E-02	1.349	5.700E-02	1.357	7.900E-02	1.395	1.090E-01	1.425	1.220E-01	1.470	9.200E-02
4.367	1.341	4.000E-02	1.345	6.000E-02	1.352	8.100E-02	1.386	1.130E-01	1.419	1.220E-01	1.457	7.700E-02
4.464	1.340	4.200E-02	1.343	6.300E-02	1.350	8.500E-02	1.384	1.190E-01	1.416	1.270E-01	1.446	7.500E-02
4.587	1.337	4.300E-02	1.340	6.500E-02	1.348	8.600E-02	1.386	1.210E-01	1.422	1.310E-01	1.441	7.400E-02
4.717	1.333	4.400E-02	1.335	6.800E-02	1.343	8.700E-02	1.384	1.170E-01	1.426	1.220E-01	1.438	6.900E-02
4.808	1.330	4.600E-02	1.330	7.100E-02	1.338	8.900E-02	1.379	1.160E-01	1.423	1.160E-01	1.434	6.400E-02
4.950	1.324	4.900E-02	1.324	7.600E-02	1.329	9.600E-02	1.366	1.180E-01	1.414	1.100E-01	1.426	5.800E-02
5.102	1.317	5.500E-02	1.318	8.500E-02	1.321	1.080E-01	1.353	1.280E-01	1.401	1.080E-01	1.416	5.300E-02
5.181	1.315	5.800E-02	1.314	9.000E-02	1.318	1.160E-01	1.347	1.350E-01	1.393	1.100E-01	1.409	5.200E-02
5.263	1.311	6.100E-02	1.312	9.700E-02	1.316	1.230E-01	1.342	1.440E-01	1.385	1.130E-01	1.403	5.000E-02
5.319	1.309	6.400E-02	1.310	1.030E-01	1.315	1.300E-01	1.339	1.510E-01	1.378	1.190E-01	1.397	5.100E-02
5.376	1.306	6.800E-02	1.310	1.070E-01	1.315	1.360E-01	1.336	1.600E-01	1.375	1.270E-01	1.393	5.100E-02
5.435	1.303	7.100E-02	1.309	1.140E-01	1.314	1.430E-01	1.336	1.710E-01	1.374	1.340E-01	1.387	5.200E-02
5.495	1.301	7.600E-02	1.310	1.190E-01	1.316	1.510E-01	1.337	1.820E-01	1.373	1.400E-01	1.384	5.300E-02
5.556	1.299	8.200E-02	1.311	1.260E-01	1.316	1.600E-01	1.341	1.940E-01	1.373	1.460E-01	1.379	5.500E-02
5.618	1.299	8.800E-02	1.314	1.330E-01	1.319	1.730E-01	1.350	2.060E-01	1.374	1.540E-01	1.375	5.600E-02
5.650	1.299	9.100E-02	1.315	1.360E-01	1.330	1.820E-01	1.356	2.090E-01	1.375	1.580E-01	1.373	5.700E-02
5.682	1.300	9.400E-02	1.317	1.390E-01	1.340	1.810E-01	1.361	2.120E-01	1.377	1.620E-01	1.371	5.800E-02
5.747	1.300	9.900E-02	1.323	1.430E-01	1.347	1.770E-01	1.371	2.200E-01	1.385	1.690E-01	1.369	5.800E-02
5.814	1.298	1.050E-01	1.327	1.470E-01	1.352	1.760E-01	1.392	2.250E-01	1.394	1.730E-01	1.365	5.700E-02
5.882	1.296	1.160E-01	1.330	1.510E-01	1.356	1.770E-01	1.410	2.150E-01	1.404	1.730E-01	1.357	5.400E-02
5.952	1.299	1.300E-01	1.335	1.570E-01	1.361	1.810E-01	1.420	2.030E-01	1.413	1.690E-01	1.347	5.700E-02
6.024	1.310	1.480E-01	1.343	1.650E-01	1.371	1.850E-01	1.427	1.910E-01	1.425	1.610E-01	1.341	6.200E-02
6.061	1.321	1.590E-01	1.349	1.700E-01	1.379	1.870E-01	1.430	1.840E-01	1.429	1.530E-01	1.339	6.400E-02
6.098	1.344	1.650E-01	1.361	1.740E-01	1.395	1.850E-01	1.433	1.750E-01	1.430	1.430E-01	1.336	6.500E-02
6.135	1.365	1.560E-01	1.381	1.700E-01	1.402	1.720E-01	1.434	1.640E-01	1.427	1.330E-01	1.333	6.700E-02
6.173	1.374	1.390E-01	1.386	1.540E-01	1.406	1.590E-01	1.428	1.520E-01	1.422	1.260E-01	1.331	6.800E-02
6.211	1.379	1.250E-01	1.387	1.430E-01	1.403	1.480E-01	1.422	1.440E-01	1.416	1.200E-01	1.329	6.900E-02
6.250	1.378	1.120E-01	1.385	1.350E-01	1.398	1.380E-01	1.413	1.380E-01	1.410	1.160E-01	1.326	6.900E-02
6.329	1.368	9.600E-02	1.380	1.200E-01	1.386	1.280E-01	1.399	1.300E-01	1.400	1.110E-01	1.322	7.000E-02
6.410	1.359	8.800E-02	1.371	1.110E-01	1.375	1.220E-01	1.384	1.250E-01	1.389	1.050E-01	1.318	6.500E-02
6.494	1.351	8.500E-02	1.360	1.050E-01	1.363	1.200E-01	1.368	1.230E-01	1.378	9.800E-02	1.305	5.600E-02
6.536	1.346	8.300E-02	1.354	1.040E-01	1.357	1.200E-01	1.361	1.220E-01	1.371	9.300E-02	1.297	5.200E-02
6.579	1.342	8.300E-02	1.349	1.050E-01	1.352	1.200E-01	1.351	1.210E-01	1.360	8.800E-02	1.285	4.800E-02
6.623	1.339	8.300E-02	1.344	1.060E-01	1.346	1.210E-01	1.340	1.220E-01	1.347	8.700E-02	1.270	4.500E-02
6.667	1.335	8.300E-02	1.339	1.070E-01	1.340	1.220E-01	1.331	1.260E-01	1.335	8.700E-02	1.252	4.700E-02
6.711	1.332	8.400E-02	1.335	1.080E-01	1.335	1.250E-01	1.323	1.300E-01	1.323	8.800E-02	1.237	5.200E-02
6.803	1.325	8.600E-02	1.327	1.120E-01	1.325	1.300E-01	1.308	1.370E-01	1.299	9.400E-02	1.209	5.800E-02
6.897	1.319	8.900E-02	1.322	1.170E-01	1.315	1.360E-01	1.297	1.430E-01	1.273	1.020E-01	1.159	6.700E-02
6.993	1.313	9.200E-02	1.313	1.210E-01	1.307	1.430E-01	1.272	1.430E-01	1.246	1.160E-01	1.092	1.000E-01
7.092	1.309	9.700E-02	1.305	1.270E-01	1.296	1.500E-01	1.249	1.580E-01	1.219	1.380E-01	1.024	2.260E-01
7.194	1.304	1.020E-01	1.297	1.350E-01	1.285	1.610E-01	1.222	1.730E-01	1.197	1.610E-01	1.057	3.340E-01
7.299	1.300	1.070E-01	1.290	1.460E-01	1.275	1.750E-01	1.192	1.950E-01	1.171	1.870E-01	1.180	4.370E-01
7.353	1.297	1.090E-01	1.290	1.520E-01	1.272	1.820E-01	1.173	2.110E-01	1.156	2.010E-01	1.245	4.310E-01
7.463	1.293	1.150E-01	1.284	1.570E-01	1.263	1.970E-01	1.142	2.620E-01	1.116	2.420E-01	1.314	3.620E-01
7.576	1.288	1.190E-01	1.275	1.660E-01	1.255	2.140E-01	1.133	3.230E-01	1.100	3.180E-01	1.292	3.130E-01
7.634	1.284	1.210E-01	1.269	1.720E-01	1.251	2.220E-01	1.136	3.510E-01	1.102	3.510E-01	1.276	3.080E-01
7.752	1.271	1.270E-01	1.258	1.840E-01	1.239	2.390E-01	1.144	3.970E-01	1.116	4.120E-01	1.244	3.210E-01
7.874	1.254	1.430E-01	1.236	2.060E-01	1.212	2.680E-01	1.145	4.450E-01	1.132	4.710E-01	1.225	3.580E-01
8.000	1.233	1.730E-01	1.214	2.520E-01	1.197	3.290E-01	1.151	5.130E-01	1.153	5.270E-01	1.218	4.000E-01
8.065	1.230	1.990E-01	1.212	2.850E-01	1.203	3.700E-01	1.161	5.470E-01	1.166	5.570E-01	1.219	4.270E-01
8.130	1.238	2.280E-01	1.222	3.220E-01	1.218	4.090E-01	1.179	5.930E-01	1.179	5.900E-01	1.217	4.530E-01
8.264	1.277	2.700E-01	1.283	3.810E-01	1.280	4.730E-01	1.241	6.630E-01	1.230	6.660E-01	1.230	5.320E-01
8.403	1.329	2.850E-01	1.353	4.000E-01	1.369	4.980E-01	1.320	7.190E-01	1.308	7.260E-01	1.300	6.430E-01
8.547	1.382	2.680E-01	1.417	3.760E-01	1.448	4.850E-01	1.421	7.580E-01	1.403	7.640E-01	1.447	6.690E-01
8.621	1.393	2.460E-01	1.435	3.600E-01	1.483	4.650E-01	1.479	7.610E-01	1.456	7.730E-01	1.516	6.510E-01
8.696	1.395	2.290E-01	1.451	3.440E-01	1.507	4.360E-01	1.545	7.550E-01	1.515	7.770E-01	1.572	6.150E-01
8.850	1.391	2.110E-01	1.473	3.020E-01	1.529	3.840E-01	1.643	6.810E-01	1.633	7.310E-01	1.632	5.240E-01
8.929	1.389	2.060E-01	1.464	2.800E-01	1.529	3.600E-01	1.666	6.340E-01	1.670	6.860E-01	1.645	4.810E-01
9.009	1.387	2.010E-01	1.452	2.690E-01	1.523	3.350E-01	1.669	5.900E-01	1.682	6.340E-01	1.654	4.390E-01
9.091	1.383	1.970E-01	1.442	2.670E-01	1.502	3.180E-01	1.655	5.560E-01	1.682	6.030E-01	1.639	3.910E-01
9.174	1.377	1.930E-01	1.434	2.650E-01	1.471	3.140E-01	1.626	5.400E-01	1.647	5.740E-01	1.617	3.600E-01
9.259	1.362	1.940E-01	1.419	2.660E-01	1.450	3.370E-01	1.590	5.600E-01	1.623	5.940E-01	1.578	3.420E-01
9.346	1.346	2.130E-01	1.396	2.970E-01	1.433	3.700E-01	1.589	6.120E-01	1.625	6.390E-01	1.548	3.470E-01
9.434	1.350	2.450E-01	1.407	3.390E-01	1.456	4.280E-01	1.624	6.680E-01	1.666	6.930E-01	1.537	3.660E-01
9.524	1.398	2.730E-01	1.460	3.760E-01	1.509	4.620E-01	1.702	7.110E-01	1.749	7.240E-01	1.548	3.730E-01
9.615	1.431	2.460E-01	1.525	3.640E-01	1.594	4.630E-01	1.807	7.080E-01	1.848	7.070E-01	1.548	3.520E-01
9.709	1.438	2.260E-01	1.557	3.140E-01	1.644	4.020E-01	1.907	6.370E-01	1.937	6.300E-01	1.527	3.260E-01
9.804	1.442	2.090E-01	1.556	2.720E-01	1.649	3.490E-01	1.944	5.380E-01	1.968	5.280E-01	1.457	3.110E-01
9.901	1.441	1.950E-01	1.549	2.470E-01	1.650	3.140E-01	1.947	4.530E-01	1.954	4.430E-01	1.372	3.500E-01
10.101	1.432	1.730E-01	1.535	2.120E-01	1.613	2.550E-01	1.882	3.380E-01	1.877	3.530E-01	1.301	6.240E-01
10.204	1.425	1.650E-01	1.523	1.970E-01	1.613	2.350E-01	1.849	3.110E-01	1.839	3.410E-01	1.415	8.090E-01
10.309	1.417	1.580E-01	1.510	1.860E-01	1.597	2.220E-01	1.822	2.920E-01	1.818	3.470E-01	1.634	8.690E-01
10.417	1.407	1.540E-01	1.495	1.760E-01	1.582	2.100E-01	1.788	2.770E-01	1.820	3.460E-01	1.856	7.950E-01
10.526	1.396	1.510E-01	1.475	1.720E-01	1.563	1.990E-01	1.756	2.710E-01	1.807	3.280E-01	1.967	6.270E-01
10.638	1.382	1.520E-01	1.454	1.730E-01	1.535	1.920E-01	1.717	2.750E-01	1.775	3.230E-01	1.953	4.680E-01
10.753	1.368	1.600E-01	1.431	1.840E-01	1.502	2.000E-01	1.678	3.010E-01	1.742	3.480E-01	1.870	3.910E-01
10.870	1.360	1.730E-01	1.407	2.070E-01	1.463	2.280E-01	1.663	3.510E-01	1.735	4.020E-01	1.808	4.070E-01
10.989	1.360	1.880E-01	1.416	2.470E-01	1.471	2.790E-01	1.676	4.100E-01	1.789	4.660E-01	1.841	4.600E-01
11.111	1.365	2.000E-01	1.436	2.690E-01	1.484	3.110E-01	1.739	4.630E-01	1.884	4.830E-01	1.937	4.580E-01
11.236	1.372	2.070E-01	1.461	2.770E-01	1.519	3.380E-01	1.842	4.640E-01	1.984	4.160E-01	2.007	3.560E-01
11.364	1.381	2.090E-01	1.491	2.750E-01	1.579	3.450E-01	1.904	3.860E-01	2.005	3.210E-01	1.978	2.430E-01
11.494	1.392	2.050E-01	1.512	2.400E-01	1.617	3.030E-01	1.916	3.130E-01	1.993	2.470E-01	1.940	1.810E-01
11.765	1.382	1.900E-01	1.491	2.160E-01	1.599	2.380E-01	1.869	2.160E-01	1.934	1.580E-01	1.848	1.210E-01
11.905	1.373	1.910E-01	1.483	2.120E-01	1.588	2.270E-01	1.844	1.940E-01	1.896	1.300E-01	1.812	1.070E-01
12.195	1.357	2.060E-01	1.471	2.090E-01	1.568	2.150E-01	1.796	1.680E-01	1.839	1.120E-01	1.751	9.600E-02
12.500	1.354	2.240E-01	1.455	2.110E-01	1.549	2.100E-01	1.757	1.580E-01	1.793	1.000E-01	1.710	9.400E-02
12.658	1.353	2.330E-01	1.447	2.180E-01	1.541	2.100E-01	1.741	1.570E-01	1.771	9.900E-02	1.693	9.000E-02
12.821	1.353	2.420E-01	1.443	2.260E-01	1.532	2.130E-01	1.726	1.570E-01	1.751	1.000E-01	1.663	9.000E-02
13.158	1.358	2.620E-01	1.440	2.400E-01	1.520	2.210E-01	1.701	1.600E-01	1.722	1.080E-01	1.628	1.100E-01
13.514	1.367	2.790E-01	1.440	2.530E-01	1.511	2.300E-01	1.681	1.650E-01	1.698	1.160E-01	1.604	1.260E-01
13.889	1.377	2.940E-01	1.440	2.660E-01	1.503	2.420E-01	1.663	1.710E-01	1.677	1.250E-01	1.584	1.430E-01
14.286	1.388	3.090E-01	1.441	2.800E-01	1.496	2.540E-01	1.643	1.730E-01	1.657	1.340E-01	1.567	1.600E-01
14.706	1.400	3.220E-01	1.443	2.950E-01	1.488	2.680E-01	1.613	1.830E-01	1.632	1.440E-01	1.552	1.760E-01
14.925	1.407	3.290E-01	1.444	3.040E-01	1.483	2.770E-01	1.596	1.910E-01	1.617	1.510E-01	1.543	1.830E-01
15.385	1.420	3.400E-01	1.445	3.220E-01	1.472	2.990E-01	1.551	2.210E-01	1.578	1.750E-01	1.520	2.030E-01
15.873	1.427	3.580E-01	1.437	3.500E-01	1.450	3.380E-01	1.512	2.990E-01	1.538	2.440E-01	1.488	2.320E-01
16.129	1.433	3.740E-01	1.438	3.810E-01	1.441	3.790E-01	1.512	3.520E-01	1.530	2.900E-01	1.466	2.530E-01
16.667	1.473	4.150E-01	1.498	4.480E-01	1.506	4.790E-01	1.542	4.790E-01	1.552	4.000E-01	1.410	3.400E-01
16.949	1.509	4.220E-01	1.551	4.600E-01	1.576	5.090E-01	1.621	5.640E-01	1.584	4.680E-01	1.382	4.150E-01
17.241	1.550	4.120E-01	1.603	4.430E-01	1.653	4.960E-01	1.741	5.940E-01	1.671	5.490E-01	1.389	5.400E-01
17.544	1.564	3.830E-01	1.625	4.040E-01	1.693	4.430E-01	1.869	5.540E-01	1.800	5.750E-01	1.477	6.990E-01
17.857	1.569	3.680E-01	1.629	3.790E-01	1.703	4.020E-01	1.939	4.570E-01	1.955	5.200E-01	1.680	8.020E-01
18.182	1.572	3.600E-01	1.629	3.640E-01	1.700	3.750E-01	1.946	3.620E-01	2.011	3.910E-01	1.912	7.400E-01
18.519	1.576	3.550E-01	1.628	3.540E-01	1.694	3.600E-01	1.926	2.990E-01	2.011	2.910E-01	2.045	5.690E-01
18.868	1.580	3.520E-01	1.627	3.480E-01	1.692	3.530E-01	1.892	2.610E-01	1.981	2.160E-01	2.057	4.050E-01
19.608	1.590	3.490E-01	1.622	3.490E-01	1.690	3.440E-01	1.842	2.380E-01	1.903	1.610E-01	1.961	2.410E-01
20.000	1.596	3.490E-01	1.627	3.570E-01	1.690	3.440E-01	1.823	2.350E-01	1.873	1.460E-01	1.913	2.090E-01
20.408	1.605	3.510E-01	1.635	3.630E-01	1.690	3.450E-01	1.804	2.400E-01	1.833	1.450E-01	1.874	1.970E-01
20.833	1.615	3.530E-01	1.645	3.680E-01	1.690	3.500E-01	1.782	2.570E-01	1.804	1.690E-01	1.848	1.940E-01
21.277	1.627	3.540E-01	1.658	3.740E-01	1.689	3.610E-01	1.781	2.900E-01	1.807	1.990E-01	1.826	1.930E-01
22.222	1.657	3.510E-01	1.696	3.780E-01	1.734	3.840E-01	1.848	3.290E-01	1.846	2.290E-01	1.785	2.180E-01
22.727	1.676	3.430E-01	1.719	3.720E-01	1.758	3.800E-01	1.881	3.200E-01	1.874	2.310E-01	1.781	2.480E-01
23.256	1.692	3.290E-01	1.736	3.560E-01	1.783	3.710E-01	1.918	3.000E-01	1.905	2.190E-01	1.822	2.740E-01
24.390	1.696	3.050E-01	1.744	3.280E-01	1.808	3.280E-01	1.939	2.260E-01	1.954	1.440E-01	1.880	2.450E-01
25.000	1.700	3.030E-01	1.749	3.270E-01	1.806	3.190E-01	1.930	2.000E-01	1.938	9.900E-02	1.896	2.120E-01
